100.0  5.28027879872e-05  6.19373156475e-05   0.00008   0.00000
200.0  0.00833367616678  0.00841346830012   0.00877   0.00003
300.0  0.0420335493122  0.0420754807109   0.04252   0.00012
400.0  0.0932001203395  0.0932199001591   0.09364   0.00026
500.0  0.150273581069  0.150034674254   0.15037   0.00039
600.0  0.205932221785  0.205824313924   0.20621   0.00051
700.0  0.257698371733  0.257862774874   0.25838   0.00062
800.0  0.305839662738  0.305656816296   0.30600   0.00070
900.0  0.349256721457  0.348866653082   0.34904   0.00078
1000.0  0.38625346702  0.387047520734   0.38778   0.00084
