100.0  0.0   0.00000   0.00000
100.0  0.0   0.00000   0.00000
200.0  0.0   0.00000   0.00000
200.0  0.0   0.00000   0.00000
300.0  2.0000400008e-05   0.00003   0.00000
300.0  2.48006150553e-05   0.00003   0.00000
400.0  0.000324505269509   0.00037   0.00000
400.0  0.000323704750857   0.00037   0.00000
500.0  0.00168162310888   0.00181   0.00002
500.0  0.00169085416183   0.00181   0.00002
600.0  0.00513462974258   0.00518   0.00005
600.0  0.00500411649686   0.00518   0.00005
700.0  0.0109375353828   0.01099   0.00011
700.0  0.0109301770745   0.01099   0.00011
800.0  0.0190198007776   0.01931   0.00019
800.0  0.0191477478873   0.01931   0.00019
900.0  0.0296994142658   0.02994   0.00029
900.0  0.0299259400855   0.02994   0.00029
1000.0  0.0421634312356   0.04252   0.00041
1000.0  0.0425276207268   0.04252   0.00041
